2018-04-01 17:04,2018-04-01 17:02,-2.0,106.193,106.188,1,buy,98.0
2018-04-01 17:06,2018-04-01 17:09,-3.9,106.277,106.223,3,sell,94.1
2018-04-01 17:11,2018-04-01 17:10,-2.6,106.243,106.232,1,buy,91.5
2018-04-01 17:13,2018-04-01 17:15,0.9,106.234,106.228,2,sell,92.4
2018-04-01 17:16,2018-04-01 17:17,1.5,106.215,106.215,1,sell,93.9
2018-04-01 17:27,2018-04-01 17:29,1.4,106.21,106.209,1,sell,95.3
2018-04-01 17:30,2018-04-01 17:39,4.1,106.211,106.237,8,sell,99.4
2018-04-01 17:31,2018-04-01 17:40,2.0,106.232,106.237,8,sell,101.4
2018-04-01 17:32,2018-04-01 17:53,2.3,106.231,106.239,13,sell,103.7
2018-04-01 17:36,2018-04-01 17:55,1.8,106.236,106.239,11,sell,105.5
2018-04-01 17:38,2018-04-01 17:56,1.8,106.236,106.239,10,sell,107.3
2018-04-01 17:44,2018-04-01 17:59,3.7,106.237,106.259,9,sell,111.0
2018-04-01 17:51,2018-04-01 18:00,2.6,106.239,106.25,7,sell,113.6
2018-04-01 17:52,2018-04-01 18:02,10.9,106.238,106.332,8,sell,124.5
2018-04-01 18:04,2018-04-01 18:06,3.1,106.333,106.349,2,sell,127.6
2018-04-01 18:15,2018-04-01 18:08,-2.1,106.375,106.369,7,buy,125.5
2018-04-01 18:19,2018-04-01 18:10,-0.799999999999,106.349,106.356,9,buy,124.7
2018-04-01 18:26,2018-04-01 18:16,-3.4,106.386,106.367,10,buy,121.3
2018-04-01 18:27,2018-04-01 18:28,1.4,106.391,106.39,1,sell,122.7
2018-04-01 18:30,2018-04-01 18:31,0.299999999999,106.385,106.373,1,sell,123.0
2018-04-01 18:35,2018-04-01 18:32,-1.1,106.358,106.362,3,buy,121.9
2018-04-01 18:38,2018-04-01 18:36,-0.4,106.346,106.357,2,buy,121.5
2018-04-01 18:41,2018-04-01 18:39,-1.5,106.346,106.346,1,buy,120.0
2018-04-01 18:44,2018-04-01 18:42,-2.0,106.356,106.351,2,buy,118.0
2018-04-01 18:56,2018-04-01 18:45,3.9,106.297,106.351,11,buy,121.9
2018-04-01 19:08,2018-04-01 18:46,-0.9,106.341,106.347,22,buy,121.0
2018-04-01 19:09,2018-04-01 18:48,-0.4,106.339,106.35,21,buy,120.6
2018-04-01 19:14,2018-04-01 18:50,-0.6,106.329,106.338,24,buy,120.0
2018-04-01 19:17,2018-04-01 18:53,-3.3,106.328,106.31,24,buy,116.7
2018-04-01 19:18,2018-04-01 18:54,-3.5,106.325,106.305,24,buy,113.2
2018-04-01 19:20,2018-04-01 18:58,-5.1,106.33,106.294,22,buy,108.1
2018-04-01 19:24,2018-04-01 19:00,-2.3,106.304,106.296,24,buy,105.8
2018-04-01 19:25,2018-04-01 19:02,1.1,106.296,106.322,23,buy,106.9
2018-04-01 19:26,2018-04-01 19:03,-0.9,106.309,106.315,23,buy,106.0
2018-04-01 19:30,2018-04-01 19:07,0.800000000001,106.313,106.336,23,buy,106.8
2018-04-01 19:33,2018-04-01 19:11,3.9,106.277,106.331,22,buy,110.7
2018-04-01 19:45,2018-04-01 19:13,2.8,106.29,106.333,32,buy,113.5
2018-04-01 19:46,2018-04-01 19:16,3.6,106.262,106.313,30,buy,117.1
2018-04-01 19:50,2018-04-01 19:22,2.7,106.279,106.321,28,buy,119.8
2018-04-01 19:52,2018-04-01 19:27,0.9,106.287,106.311,25,buy,120.7
2018-04-01 19:53,2018-04-01 19:29,1.2,106.286,106.313,24,buy,121.9
2018-04-01 19:56,2018-04-01 19:35,-2.9,106.29,106.276,21,buy,119.0
2018-04-01 20:06,2018-04-01 19:36,-8.6,106.342,106.271,30,buy,110.4
2018-04-01 20:08,2018-04-01 19:38,-6.6,106.337,106.286,30,buy,103.8
2018-04-01 20:19,2018-04-01 19:39,-0.199999999999,106.273,106.286,40,buy,103.6
2018-04-01 20:21,2018-04-01 19:40,1.0,106.261,106.286,41,buy,104.6
2018-04-01 20:24,2018-04-01 19:41,3.0,106.237,106.282,43,buy,107.6
2018-04-01 20:30,2018-04-01 19:42,3.7,106.224,106.276,48,buy,111.3
2018-04-01 20:31,2018-04-01 19:43,4.9,106.223,106.287,48,buy,116.2
2018-04-01 20:37,2018-04-01 19:44,5.5,106.218,106.288,53,buy,121.7
2018-04-01 20:41,2018-04-01 19:47,0.6,106.241,106.262,54,buy,122.3
2018-04-01 20:43,2018-04-01 19:51,2.2,106.245,106.282,52,buy,124.5
2018-04-01 20:46,2018-04-01 19:54,3.3,106.238,106.286,52,buy,127.8
2018-04-01 20:49,2018-04-01 19:57,3.2,106.246,106.293,52,buy,131.0
2018-04-01 20:53,2018-04-01 19:58,0.799999999999,106.277,106.3,55,buy,131.8
2018-04-01 21:01,2018-04-01 20:00,3.8,106.267,106.32,61,buy,135.6
2018-04-01 21:06,2018-04-01 20:02,2.6,106.24,106.281,64,buy,138.2
2018-04-01 21:10,2018-04-01 20:04,6.1,106.252,106.328,66,buy,144.3
2018-04-01 21:11,2018-04-01 20:05,9.6,106.24,106.351,66,buy,153.9
2018-04-01 21:13,2018-04-01 20:09,5.2,106.271,106.338,64,buy,159.1
2018-04-01 21:19,2018-04-01 20:10,3.1,106.286,106.332,69,buy,162.2
2018-04-01 21:21,2018-04-01 20:11,5.6,106.27,106.341,70,buy,167.8
2018-04-01 21:24,2018-04-01 20:14,-2.3,106.317,106.309,70,buy,165.5
2018-04-01 21:28,2018-04-01 20:15,-0.800000000001,106.312,106.319,73,buy,164.7
2018-04-01 21:29,2018-04-01 20:18,-5.4,106.309,106.27,71,buy,159.3
2018-04-01 21:34,2018-04-01 20:22,-8.5,106.299,106.229,72,buy,150.8
2018-04-01 21:36,2018-04-01 20:23,-9.6,106.306,106.225,73,buy,141.2
2018-04-01 21:41,2018-04-01 20:25,-8.8,106.324,106.251,76,buy,132.4
2018-04-01 21:42,2018-04-01 20:26,-9.9,106.324,106.24,76,buy,122.5
2018-04-01 21:43,2018-04-01 20:27,-10.6,106.326,106.235,76,buy,111.9
2018-04-01 21:46,2018-04-01 20:28,-10.9,106.328,106.234,78,buy,101.0
2018-04-01 21:49,2018-04-01 20:32,-15.3,106.342,106.204,77,buy,85.7
2018-04-01 21:50,2018-04-01 20:34,-16.2,106.34,106.193,76,buy,69.5
2018-04-01 21:53,2018-04-01 20:38,-13.5,106.342,106.222,75,buy,56.0
2018-04-01 21:54,2018-04-01 20:39,-15.1,106.367,106.231,75,buy,40.9
2018-04-01 21:56,2018-04-01 20:42,-12.2,106.356,106.249,74,buy,28.7
2018-04-01 21:57,2018-04-01 20:44,-12.9,106.35,106.236,73,buy,15.8
2018-04-01 21:58,2018-04-01 20:45,-12.6,106.359,106.248,73,buy,3.2
