2018-04-08 17:05,2018-04-08 17:02,-1.6,106.943,106.942,1,buy,98.4
2018-04-08 17:09,2018-04-08 17:08,-0.800000000001,106.932,106.939,1,buy,97.6
2018-04-08 17:13,2018-04-08 17:10,-1.1,106.929,106.933,2,buy,96.5
2018-04-08 17:17,2018-04-08 17:14,-1.4,106.931,106.932,2,buy,95.1
2018-04-08 17:18,2018-04-08 17:21,0.299999999999,106.935,106.923,2,sell,95.4
2018-04-08 17:23,2018-04-08 17:25,-1.5,106.93,106.9,1,sell,93.9
2018-04-08 17:27,2018-04-08 17:26,-1.5,106.9,106.9,1,buy,92.4
2018-04-08 17:29,2018-04-08 17:30,1.5,106.905,106.905,1,sell,93.9
2018-04-08 17:38,2018-04-08 17:32,-0.5,106.895,106.905,5,buy,93.4
2018-04-08 17:45,2018-04-08 17:35,-0.299999999999,106.894,106.906,8,buy,93.1
2018-04-08 17:51,2018-04-08 17:37,-1.0,106.901,106.906,10,buy,92.1
2018-04-08 17:59,2018-04-08 17:39,-1.6,106.906,106.905,14,buy,90.5
2018-04-08 18:00,2018-04-08 17:40,-1.8,106.908,106.905,14,buy,88.7
2018-04-08 18:01,2018-04-08 17:42,-2.8,106.92,106.907,14,buy,85.9
2018-04-08 18:02,2018-04-08 17:43,-6.6,106.956,106.905,14,buy,79.3
2018-04-08 18:09,2018-04-08 17:48,-7.5,106.95,106.89,18,buy,71.8
2018-04-08 18:12,2018-04-08 17:50,-10.5,106.99,106.9,20,buy,61.3
2018-04-08 18:13,2018-04-08 17:55,-11.4,107.003,106.904,17,buy,49.9
2018-04-08 18:16,2018-04-08 18:03,-7.3,107.006,106.948,13,buy,42.6
2018-04-08 18:17,2018-04-08 18:04,-6.1,107.009,106.963,13,buy,36.5
2018-04-08 18:22,2018-04-08 18:05,-4.4,107.011,106.982,17,buy,32.1
2018-04-08 18:25,2018-04-08 18:08,-7.4,107.021,106.962,17,buy,24.7
2018-04-08 18:27,2018-04-08 18:11,-7.9,107.024,106.96,16,buy,16.8
2018-04-08 18:28,2018-04-08 18:14,-1.5,107.022,107.022,14,buy,15.3
2018-04-08 18:30,2018-04-08 18:19,-1.3,107.023,107.025,11,buy,14.0
2018-04-08 18:31,2018-04-08 18:20,-0.9,107.018,107.024,11,buy,13.1
2018-04-08 18:34,2018-04-08 18:23,-2.0,107.017,107.012,11,buy,11.1
2018-04-08 18:35,2018-04-08 18:26,-0.4,107.006,107.017,9,buy,10.7
2018-04-08 18:36,2018-04-08 18:32,-0.0999999999985,107.003,107.017,4,buy,10.6
2018-04-08 18:40,2018-04-08 18:38,-0.599999999999,106.973,106.982,2,buy,10.0
2018-04-08 18:42,2018-04-08 18:39,-0.799999999999,106.965,106.972,3,buy,9.20000000001
2018-04-08 18:43,2018-04-08 18:47,-1.1,106.971,106.945,4,sell,8.10000000001
2018-04-08 18:44,2018-04-08 18:48,-0.5,106.97,106.95,4,sell,7.60000000001
2018-04-08 18:50,2018-04-08 18:51,1.3,106.965,106.963,1,sell,8.90000000001
2018-04-08 18:59,2018-04-08 18:52,4.5,106.91,106.97,7,buy,13.4
2018-04-08 19:02,2018-04-08 18:53,10.2,106.848,106.965,9,buy,23.6
2018-04-08 19:05,2018-04-08 18:54,13.6,106.816,106.967,11,buy,37.2
2018-04-08 19:06,2018-04-08 18:57,10.8,106.835,106.958,9,buy,48.0
2018-04-08 19:07,2018-04-08 19:01,2.9,106.817,106.861,6,buy,50.9
2018-04-08 19:09,2018-04-08 19:04,-4.9,106.841,106.807,5,buy,46.0
2018-04-08 19:10,2018-04-08 19:15,4.7,106.855,106.887,5,sell,50.7
2018-04-08 19:11,2018-04-08 19:18,4.7,106.855,106.887,7,sell,55.4
2018-04-08 19:13,2018-04-08 19:19,2.6,106.876,106.887,6,sell,58.0
2018-04-08 19:14,2018-04-08 19:24,2.3,106.888,106.896,10,sell,60.3
2018-04-08 19:17,2018-04-08 19:28,2.4,106.894,106.903,11,sell,62.7
2018-04-08 19:20,2018-04-08 19:30,5.5,106.881,106.921,10,sell,68.2
2018-04-08 19:23,2018-04-08 19:32,8.3,106.884,106.952,9,sell,76.5
2018-04-08 19:25,2018-04-08 19:34,5.2,106.884,106.921,9,sell,81.7
2018-04-08 19:26,2018-04-08 19:46,13.0,106.882,106.997,20,sell,94.7
2018-04-08 19:27,2018-04-08 19:47,9.4,106.901,106.98,20,sell,104.1
2018-04-08 19:29,2018-04-08 19:49,9.2,106.904,106.981,20,sell,113.3
2018-04-08 19:37,2018-04-08 19:50,4.5,106.947,106.977,13,sell,117.8
2018-04-08 19:38,2018-04-08 19:53,1.3,106.956,106.954,15,sell,119.1
2018-04-08 19:40,2018-04-08 19:55,2.7,106.957,106.969,15,sell,121.8
2018-04-08 19:41,2018-04-08 19:59,2.0,106.959,106.964,18,sell,123.8
2018-04-08 19:42,2018-04-08 20:01,-0.800000000001,106.971,106.948,19,sell,123.0
2018-04-08 19:48,2018-04-08 20:02,0.1,106.983,106.969,14,sell,123.1
2018-04-08 19:51,2018-04-08 20:04,5.5,106.959,106.999,13,sell,128.6
2018-04-08 19:54,2018-04-08 20:07,3.5,106.966,106.986,13,sell,132.1
2018-04-08 19:56,2018-04-08 20:08,3.0,106.979,106.994,12,sell,135.1
2018-04-08 19:57,2018-04-08 20:09,4.8,106.971,107.004,12,sell,139.9
2018-04-08 20:05,2018-04-08 20:11,-0.199999999999,106.998,106.981,6,sell,139.7
2018-04-08 20:10,2018-04-08 20:13,-0.5,107.003,106.983,3,sell,139.2
2018-04-08 20:14,2018-04-08 20:15,1.3,106.97,106.968,1,sell,140.5
2018-04-08 20:21,2018-04-08 20:16,1.3,106.97,106.998,5,buy,141.8
2018-04-08 20:22,2018-04-08 20:17,2.1,106.949,106.985,5,buy,143.9
2018-04-08 20:23,2018-04-08 20:20,0.6,106.956,106.977,3,buy,144.5
2018-04-08 20:32,2018-04-08 20:26,-0.9,106.934,106.94,6,buy,143.6
2018-04-08 20:36,2018-04-08 20:27,2.9,106.899,106.943,9,buy,146.5
2018-04-08 20:44,2018-04-08 20:33,-5.3,106.934,106.896,11,buy,141.2
2018-04-08 20:45,2018-04-08 20:34,-3.8,106.922,106.899,11,buy,137.4
2018-04-08 20:46,2018-04-08 20:51,0.800000000001,106.934,106.927,5,sell,138.2
2018-04-08 20:47,2018-04-08 20:52,1.0,106.952,106.947,5,sell,139.2
2018-04-08 20:48,2018-04-08 20:58,-5.1,106.952,106.886,10,sell,134.1
2018-04-08 20:53,2018-04-08 20:59,-7.7,106.966,106.874,6,sell,126.4
2018-04-08 21:03,2018-04-08 21:06,3.2,106.869,106.886,3,sell,129.6
2018-04-08 21:05,2018-04-08 21:12,0.9,106.886,106.88,7,sell,130.5
2018-04-08 21:09,2018-04-08 21:16,8.5,106.864,106.934,7,sell,139.0
2018-04-08 21:14,2018-04-08 21:19,8.1,106.894,106.96,5,sell,147.1
2018-04-08 21:15,2018-04-08 21:21,5.5,106.902,106.942,6,sell,152.6
2018-04-08 21:18,2018-04-08 21:24,1.7,106.946,106.948,6,sell,154.3
2018-04-08 21:27,2018-04-08 21:26,-0.9,106.928,106.934,1,buy,153.4
2018-04-08 21:32,2018-04-08 21:31,-0.700000000001,106.892,106.9,1,buy,152.7
2018-04-08 21:33,2018-04-08 21:40,-0.299999999999,106.895,106.877,7,sell,152.4
2018-04-08 21:34,2018-04-08 21:41,1.5,106.878,106.878,7,sell,153.9
2018-04-08 21:35,2018-04-08 21:44,-2.5,106.88,106.84,9,sell,151.4
2018-04-08 21:36,2018-04-08 21:45,0.299999999999,106.882,106.87,9,sell,151.7
2018-04-08 21:37,2018-04-08 22:02,3.7,106.898,106.92,25,sell,155.4
2018-04-08 21:42,2018-04-08 22:04,5.9,106.877,106.921,22,sell,161.3
2018-04-08 21:43,2018-04-08 22:06,4.6,106.887,106.918,23,sell,165.9
2018-04-08 21:49,2018-04-08 22:08,3.1,106.891,106.907,19,sell,169.0
2018-04-08 21:52,2018-04-08 22:11,4.0,106.882,106.907,19,sell,173.0
2018-04-08 21:54,2018-04-08 22:12,5.4,106.884,106.923,18,sell,178.4
2018-04-08 21:56,2018-04-08 22:14,3.3,106.905,106.923,18,sell,181.7
2018-04-08 21:57,2018-04-08 22:15,3.6,106.907,106.928,18,sell,185.3
2018-04-08 21:58,2018-04-08 22:23,2.0,106.907,106.912,25,sell,187.3
2018-04-08 21:59,2018-04-08 22:24,2.8,106.903,106.916,25,sell,190.1
2018-04-08 22:00,2018-04-08 22:25,1.1,106.917,106.913,25,sell,191.2
2018-04-08 22:01,2018-04-08 22:28,2.6,106.915,106.926,27,sell,193.8
2018-04-08 22:03,2018-04-08 22:29,1.1,106.928,106.924,26,sell,194.9
2018-04-08 22:10,2018-04-08 22:30,3.8,106.902,106.925,20,sell,198.7
2018-04-08 22:17,2018-04-08 22:31,1.9,106.918,106.922,14,sell,200.6
2018-04-08 22:19,2018-04-08 22:32,2.6,106.912,106.923,13,sell,203.2
2018-04-08 22:20,2018-04-08 22:33,2.3,106.919,106.927,13,sell,205.5
2018-04-08 22:27,2018-04-08 22:35,2.3,106.917,106.925,8,sell,207.8
2018-04-08 22:34,2018-04-08 22:36,1.4,106.926,106.925,2,sell,209.2
2018-04-08 22:37,2018-04-08 22:40,1.9,106.923,106.927,3,sell,211.1
2018-04-08 22:39,2018-04-08 22:41,1.6,106.922,106.923,2,sell,212.7
2018-04-08 22:42,2018-04-08 22:44,1.1,106.921,106.917,2,sell,213.8
2018-04-08 22:43,2018-04-08 22:47,-1.2,106.924,106.897,4,sell,212.6
2018-04-08 22:45,2018-04-08 22:50,1.5,106.909,106.909,5,sell,214.1
2018-04-08 22:48,2018-04-08 22:53,3.8,106.903,106.926,5,sell,217.9
2018-04-08 22:49,2018-04-08 22:54,4.7,106.903,106.935,5,sell,222.6
2018-04-08 22:51,2018-04-08 22:55,4.2,106.909,106.936,4,sell,226.8
2018-04-08 22:52,2018-04-08 22:57,2.8,106.915,106.928,5,sell,229.6
2018-04-08 22:56,2018-04-08 22:58,1.8,106.938,106.941,2,sell,231.4
2018-04-08 23:09,2018-04-08 23:03,-0.5,106.957,106.967,6,buy,230.9
2018-04-08 23:10,2018-04-08 23:05,-3.1,106.961,106.945,5,buy,227.8
2018-04-08 23:11,2018-04-08 23:07,-2.9,106.954,106.94,4,buy,224.9
2018-04-08 23:19,2018-04-08 23:08,-6.5,107.004,106.954,11,buy,218.4
2018-04-08 23:20,2018-04-08 23:13,-4.8,106.995,106.962,7,buy,213.6
2018-04-08 23:21,2018-04-08 23:14,-4.4,106.993,106.964,7,buy,209.2
2018-04-08 23:22,2018-04-08 23:15,-3.6,106.987,106.966,7,buy,205.6
2018-04-08 23:24,2018-04-08 23:17,-0.799999999999,106.988,106.995,7,buy,204.8
2018-04-08 23:25,2018-04-08 23:18,-0.9,106.988,106.994,7,buy,203.9
2018-04-08 23:28,2018-04-08 23:23,-5.1,107.013,106.977,5,buy,198.8
2018-04-08 23:30,2018-04-08 23:27,-0.299999999999,106.993,107.005,3,buy,198.5
2018-04-08 23:32,2018-04-08 23:33,0.5,107.012,107.002,1,sell,199.0
2018-04-08 23:34,2018-04-08 23:37,4.6,107.019,107.05,3,sell,203.6
2018-04-08 23:35,2018-04-08 23:39,0.900000000001,107.038,107.032,4,sell,204.5
2018-04-08 23:36,2018-04-08 23:43,-1.3,107.054,107.026,7,sell,203.2
2018-04-08 23:38,2018-04-08 23:46,-2.0,107.04,107.005,8,sell,201.2
2018-04-08 23:41,2018-04-08 23:49,-1.0,107.038,107.013,8,sell,200.2
2018-04-08 23:42,2018-04-08 23:50,0.4,107.024,107.013,8,sell,200.6
2018-04-08 23:48,2018-04-08 23:53,4.0,107.008,107.033,5,sell,204.6
