2018-04-11 00:10,2018-04-11 00:04,-2.0,107.06,107.055,6,buy,98.0
2018-04-11 00:19,2018-04-11 00:06,-0.6,107.049,107.058,13,buy,97.4
2018-04-11 00:30,2018-04-11 00:08,-1.8,107.056,107.053,22,buy,95.6
2018-04-11 00:35,2018-04-11 00:09,-1.9,107.059,107.055,26,buy,93.7
2018-04-11 00:42,2018-04-11 00:12,-0.9,107.055,107.061,30,buy,92.8
2018-04-11 00:43,2018-04-11 00:13,-0.9,107.064,107.07,30,buy,91.9
2018-04-11 00:49,2018-04-11 00:15,2.0,107.045,107.08,34,buy,93.9
2018-04-11 00:50,2018-04-11 00:16,0.4,107.045,107.064,34,buy,94.3
2018-04-11 00:53,2018-04-11 00:18,-0.699999999999,107.049,107.057,35,buy,93.6
2018-04-11 00:54,2018-04-11 00:23,-2.2,107.052,107.045,31,buy,91.4
2018-04-11 00:56,2018-04-11 00:25,-0.5,107.04,107.05,31,buy,90.9
2018-04-11 01:00,2018-04-11 00:27,1.3,107.017,107.045,33,buy,92.2
2018-04-11 01:01,2018-04-11 00:28,-0.4,107.038,107.049,33,buy,91.8
2018-04-11 01:04,2018-04-11 00:33,0.9,107.046,107.07,31,buy,92.7
2018-04-11 01:10,2018-04-11 00:34,-0.1,107.039,107.053,36,buy,92.6
2018-04-11 01:15,2018-04-11 00:36,-0.699999999999,107.044,107.052,39,buy,91.9
2018-04-11 01:16,2018-04-11 00:40,-0.300000000001,107.041,107.053,36,buy,91.6
2018-04-11 01:22,2018-04-11 00:41,-1.2,107.045,107.048,41,buy,90.4
2018-04-11 01:27,2018-04-11 00:45,-5.3,107.086,107.048,42,buy,85.1
2018-04-11 01:28,2018-04-11 00:47,-4.7,107.081,107.049,41,buy,80.4
2018-04-11 01:30,2018-04-11 00:52,-5.1,107.082,107.046,38,buy,75.3
2018-04-11 01:35,2018-04-11 00:55,-6.3,107.091,107.043,40,buy,69.0
2018-04-11 01:37,2018-04-11 01:02,-7.0,107.087,107.032,35,buy,62.0
2018-04-11 01:38,2018-04-11 01:03,-6.7,107.088,107.036,35,buy,55.3
2018-04-11 01:43,2018-04-11 01:13,-7.3,107.098,107.04,30,buy,48.0
2018-04-11 01:45,2018-04-11 01:18,-7.3,107.099,107.041,27,buy,40.7
2018-04-11 01:48,2018-04-11 01:19,-6.4,107.093,107.044,29,buy,34.3
2018-04-11 01:52,2018-04-11 01:20,-4.2,107.072,107.045,32,buy,30.1
2018-04-11 01:54,2018-04-11 01:21,-3.0,107.061,107.046,33,buy,27.1
2018-04-11 02:00,2018-04-11 01:23,-3.3,107.063,107.045,37,buy,23.8
2018-04-11 02:01,2018-04-11 01:24,-4.4,107.073,107.044,37,buy,19.4
2018-04-11 02:08,2018-04-11 01:26,-1.0,107.069,107.074,42,buy,18.4
2018-04-11 02:12,2018-04-11 01:29,0.4,107.062,107.081,43,buy,18.8
2018-04-11 02:19,2018-04-11 01:33,1.7,107.053,107.085,46,buy,20.5
2018-04-11 02:22,2018-04-11 01:34,1.8,107.056,107.089,48,buy,22.3
2018-04-11 02:23,2018-04-11 01:39,1.7,107.057,107.089,44,buy,24.0
2018-04-11 02:26,2018-04-11 01:40,1.6,107.058,107.089,46,buy,25.6
2018-04-11 02:28,2018-04-11 01:41,3.2,107.039,107.086,47,buy,28.8
2018-04-11 02:29,2018-04-11 01:42,2.6,107.048,107.089,47,buy,31.4
2018-04-11 02:30,2018-04-11 01:49,2.5,107.053,107.093,41,buy,33.9
2018-04-11 02:37,2018-04-11 01:51,-1.2,107.069,107.072,46,buy,32.7
2018-04-11 02:38,2018-04-11 01:53,-2.2,107.07,107.063,45,buy,30.5
2018-04-11 02:46,2018-04-11 01:55,-0.0999999999985,107.038,107.052,51,buy,30.4
2018-04-11 02:48,2018-04-11 01:56,0.6,107.04,107.061,52,buy,31.0
2018-04-11 02:52,2018-04-11 01:59,1.0,107.04,107.065,53,buy,32.0
2018-04-11 02:53,2018-04-11 02:05,3.5,107.036,107.086,48,buy,35.5
2018-04-11 02:54,2018-04-11 02:15,0.299999999999,107.042,107.06,39,buy,35.8
2018-04-11 02:55,2018-04-11 02:17,0.4,107.04,107.059,38,buy,36.2
2018-04-11 02:56,2018-04-11 02:25,-1.1,107.056,107.06,31,buy,35.1
2018-04-11 02:57,2018-04-11 02:27,-1.5,107.047,107.047,30,buy,33.6
2018-04-11 03:02,2018-04-11 02:32,-4.1,107.075,107.049,30,buy,29.5
2018-04-11 03:03,2018-04-11 02:33,-3.9,107.076,107.052,30,buy,25.6
2018-04-11 03:06,2018-04-11 02:34,-0.799999999999,107.039,107.046,32,buy,24.8
2018-04-11 03:14,2018-04-11 02:35,5.2,106.994,107.061,39,buy,30.0
2018-04-11 03:15,2018-04-11 02:39,5.8,107.001,107.074,36,buy,35.8
2018-04-11 03:16,2018-04-11 02:41,3.5,107.011,107.061,35,buy,39.3
2018-04-11 03:26,2018-04-11 02:42,1.1,107.037,107.063,44,buy,40.4
2018-04-11 03:28,2018-04-11 02:43,-0.799999999999,107.039,107.046,45,buy,39.6
2018-04-11 03:29,2018-04-11 02:47,-1.2,107.03,107.033,42,buy,38.4
2018-04-11 03:30,2018-04-11 02:49,-1.1,107.039,107.043,41,buy,37.3
2018-04-11 03:33,2018-04-11 02:50,-1.5,107.044,107.044,43,buy,35.8
2018-04-11 03:34,2018-04-11 02:51,-2.2,107.051,107.044,43,buy,33.6
2018-04-11 03:38,2018-04-11 03:00,-2.3,107.063,107.055,38,buy,31.3
2018-04-11 03:40,2018-04-11 03:01,-0.299999999999,107.054,107.066,39,buy,31.0
2018-04-11 03:41,2018-04-11 03:07,-5.1,107.057,107.021,34,buy,25.9
2018-04-11 03:49,2018-04-11 03:10,-1.4,107.037,107.038,39,buy,24.5
2018-04-11 04:06,2018-04-11 03:18,-0.1,107.011,107.025,48,buy,24.4
2018-04-11 04:07,2018-04-11 03:20,1.0,107.012,107.037,47,buy,25.4
2018-04-11 04:08,2018-04-11 03:22,1.7,107.011,107.043,46,buy,27.1
2018-04-11 04:10,2018-04-11 03:24,3.5,106.988,107.038,46,buy,30.6
2018-04-11 04:11,2018-04-11 03:25,3.0,106.988,107.033,46,buy,33.6
2018-04-11 04:12,2018-04-11 03:36,3.7,106.995,107.047,36,buy,37.3
2018-04-11 04:16,2018-04-11 03:39,8.6,106.961,107.062,37,buy,45.9
2018-04-11 04:17,2018-04-11 03:42,11.6,106.924,107.055,35,buy,57.5
2018-04-11 04:20,2018-04-11 03:43,9.1,106.943,107.049,37,buy,66.6
2018-04-11 04:29,2018-04-11 03:45,12.5,106.898,107.038,44,buy,79.1
2018-04-11 04:30,2018-04-11 03:48,11.3,106.91,107.038,42,buy,90.4
2018-04-11 04:36,2018-04-11 03:51,7.9,106.941,107.035,45,buy,98.3
2018-04-11 04:46,2018-04-11 03:52,4.9,106.978,107.042,54,buy,103.2
2018-04-11 04:47,2018-04-11 03:53,5.7,106.971,107.043,54,buy,108.9
2018-04-11 04:55,2018-04-11 03:54,7.3,106.953,107.041,61,buy,116.2
2018-04-11 04:56,2018-04-11 03:55,6.8,106.958,107.041,61,buy,123.0
2018-04-11 04:57,2018-04-11 03:56,6.5,106.959,107.039,61,buy,129.5
2018-04-11 05:00,2018-04-11 03:57,4.8,106.956,107.019,63,buy,134.3
2018-04-11 05:02,2018-04-11 03:58,1.7,106.972,107.004,64,buy,136.0
2018-04-11 05:06,2018-04-11 03:59,1.7,106.969,107.001,67,buy,137.7
2018-04-11 05:07,2018-04-11 04:02,0.5,106.975,106.995,65,buy,138.2
2018-04-11 05:10,2018-04-11 04:04,1.6,106.977,107.008,66,buy,139.8
2018-04-11 05:12,2018-04-11 04:09,0.299999999999,106.981,106.999,63,buy,140.1
2018-04-11 05:13,2018-04-11 04:14,-0.200000000001,106.985,106.998,59,buy,139.9
2018-04-11 05:14,2018-04-11 04:15,-0.699999999999,106.984,106.992,59,buy,139.2
2018-04-11 05:16,2018-04-11 04:19,-5.9,106.996,106.952,57,buy,133.3
2018-04-11 05:18,2018-04-11 04:25,-10.4,107.013,106.924,53,buy,122.9
2018-04-11 05:20,2018-04-11 04:26,-10.8,107.014,106.921,54,buy,112.1
2018-04-11 05:22,2018-04-11 04:34,-8.4,107.012,106.943,48,buy,103.7
2018-04-11 05:26,2018-04-11 04:38,-8.0,107.012,106.947,48,buy,95.7
2018-04-11 05:30,2018-04-11 04:39,-7.7,107.017,106.955,51,buy,88.0
2018-04-11 05:31,2018-04-11 04:41,-5.7,106.998,106.956,50,buy,82.3
2018-04-11 05:33,2018-04-11 04:43,-5.2,107.0,106.963,50,buy,77.1
2018-04-11 05:40,2018-04-11 04:48,-2.9,106.982,106.968,52,buy,74.2
2018-04-11 05:44,2018-04-11 04:50,-2.2,106.983,106.976,54,buy,72.0
2018-04-11 05:50,2018-04-11 04:51,-0.5,106.971,106.981,59,buy,71.5
2018-04-11 05:51,2018-04-11 04:52,-1.9,106.975,106.971,59,buy,69.6
2018-04-11 05:54,2018-04-11 04:58,-3.3,106.971,106.953,56,buy,66.3
2018-04-11 05:55,2018-04-11 05:01,-0.1,106.965,106.979,54,buy,66.2
2018-04-11 05:56,2018-04-11 05:03,-0.6,106.962,106.971,53,buy,65.6
2018-04-11 05:59,2018-04-11 05:05,0.6,106.95,106.971,54,buy,66.2
2018-04-11 06:03,2018-04-11 05:08,0.300000000001,106.958,106.976,55,buy,66.5
2018-04-11 06:08,2018-04-11 05:09,-1.0,106.972,106.977,59,buy,65.5
2018-04-11 06:10,2018-04-11 05:11,-1.9,106.979,106.975,59,buy,63.6
2018-04-11 06:13,2018-04-11 05:19,2.2,106.974,107.011,54,buy,65.8
2018-04-11 06:14,2018-04-11 05:25,1.7,106.967,106.999,49,buy,67.5
2018-04-11 06:17,2018-04-11 05:29,3.0,106.956,107.001,48,buy,70.5
2018-04-11 06:19,2018-04-11 05:34,4.9,106.929,106.993,45,buy,75.4
2018-04-11 06:24,2018-04-11 05:35,6.9,106.9,106.984,49,buy,82.3
2018-04-11 06:26,2018-04-11 05:36,3.8,106.923,106.976,50,buy,86.1
2018-04-11 06:32,2018-04-11 05:37,3.0,106.931,106.976,55,buy,89.1
2018-04-11 06:33,2018-04-11 05:39,2.9,106.936,106.98,54,buy,92.0
2018-04-11 06:36,2018-04-11 05:41,2.6,106.944,106.985,55,buy,94.6
2018-04-11 06:37,2018-04-11 05:42,2.4,106.952,106.991,55,buy,97.0
2018-04-11 06:38,2018-04-11 05:43,0.0999999999985,106.962,106.978,55,buy,97.1
2018-04-11 06:41,2018-04-11 05:46,3.3,106.937,106.985,55,buy,100.4
2018-04-11 06:44,2018-04-11 05:52,1.6,106.94,106.971,52,buy,102.0
2018-04-11 06:47,2018-04-11 05:58,1.1,106.917,106.943,49,buy,103.1
2018-04-11 06:51,2018-04-11 06:02,-1.2,106.947,106.95,49,buy,101.9
2018-04-11 06:53,2018-04-11 06:04,-0.4,106.964,106.975,49,buy,101.5
2018-04-11 06:54,2018-04-11 06:09,-0.0999999999985,106.958,106.972,45,buy,101.4
2018-04-11 07:02,2018-04-11 06:16,7.3,106.865,106.953,46,buy,108.7
2018-04-11 07:25,2018-04-11 06:20,13.5,106.771,106.921,65,buy,122.2
2018-04-11 07:28,2018-04-11 06:21,9.8,106.785,106.898,67,buy,132.0
2018-04-11 07:31,2018-04-11 06:23,10.2,106.781,106.898,68,buy,142.2
2018-04-11 07:37,2018-04-11 06:28,11.9,106.798,106.932,69,buy,154.1
2018-04-11 07:40,2018-04-11 06:29,9.2,106.829,106.936,71,buy,163.3
2018-04-11 08:00,2018-04-11 06:30,6.8,106.85,106.933,90,buy,170.1
2018-04-11 08:02,2018-04-11 06:34,11.3,106.812,106.94,88,buy,181.4
2018-04-11 08:03,2018-04-11 06:40,12.5,106.823,106.963,83,buy,193.9
2018-04-11 08:05,2018-04-11 06:42,10.4,106.814,106.933,83,buy,204.3
2018-04-11 08:11,2018-04-11 06:43,13.8,106.789,106.942,88,buy,218.1
2018-04-11 08:12,2018-04-11 06:46,11.9,106.779,106.913,86,buy,230.0
2018-04-11 08:13,2018-04-11 06:48,13.5,106.789,106.939,85,buy,243.5
2018-04-11 08:23,2018-04-11 06:49,14.9,106.773,106.937,94,buy,258.4
2018-04-11 08:27,2018-04-11 06:52,18.4,106.766,106.965,95,buy,276.8
2018-04-11 08:34,2018-04-11 06:57,22.1,106.732,106.968,97,buy,298.9
2018-04-11 08:42,2018-04-11 06:59,15.5,106.734,106.904,103,buy,314.4
2018-04-11 08:44,2018-04-11 07:00,13.7,106.744,106.896,104,buy,328.1
2018-04-11 08:47,2018-04-11 07:01,11.1,106.757,106.883,106,buy,339.2
2018-04-11 08:49,2018-04-11 07:03,1.7,106.789,106.821,106,buy,340.9
2018-04-11 08:50,2018-04-11 07:04,-0.699999999999,106.788,106.796,106,buy,340.2
2018-04-11 08:53,2018-04-11 07:12,-0.400000000001,106.812,106.823,101,buy,339.8
2018-04-11 08:56,2018-04-11 07:13,2.2,106.803,106.84,103,buy,342.0
2018-04-11 08:57,2018-04-11 07:14,0.699999999999,106.812,106.834,103,buy,342.7
2018-04-11 08:58,2018-04-11 07:16,0.5,106.803,106.823,102,buy,343.2
2018-04-11 08:59,2018-04-11 07:17,-0.4,106.819,106.83,102,buy,342.8
2018-04-11 09:04,2018-04-11 07:18,0.0999999999985,106.832,106.848,106,buy,342.9
2018-04-11 09:05,2018-04-11 07:19,-0.799999999999,106.849,106.856,106,buy,342.1
2018-04-11 09:06,2018-04-11 07:20,-4.0,106.848,106.823,106,buy,338.1
2018-04-11 09:15,2018-04-11 07:21,-6.6,106.857,106.806,114,buy,331.5
2018-04-11 09:19,2018-04-11 07:26,-10.3,106.869,106.781,113,buy,321.2
2018-04-11 09:22,2018-04-11 07:41,-11.6,106.913,106.812,101,buy,309.6
2018-04-11 09:30,2018-04-11 07:50,-11.5,106.914,106.814,100,buy,298.1
2018-04-11 09:34,2018-04-11 07:53,-11.3,106.915,106.817,101,buy,286.8
2018-04-11 09:38,2018-04-11 07:55,-14.1,106.938,106.812,103,buy,272.7
2018-04-11 09:39,2018-04-11 07:56,-12.6,106.93,106.819,103,buy,260.1
2018-04-11 09:40,2018-04-11 07:57,-14.2,106.951,106.824,103,buy,245.9
2018-04-11 09:41,2018-04-11 07:58,-12.3,106.932,106.824,103,buy,233.6
2018-04-11 09:42,2018-04-11 08:01,-13.1,106.935,106.819,101,buy,220.5
2018-04-11 09:45,2018-04-11 08:04,-12.1,106.927,106.821,101,buy,208.4
2018-04-11 09:51,2018-04-11 08:09,-11.6,106.898,106.797,102,buy,196.8
2018-04-11 09:54,2018-04-11 08:15,-10.9,106.894,106.8,99,buy,185.9
2018-04-11 09:57,2018-04-11 08:17,-13.1,106.913,106.797,100,buy,172.8
2018-04-11 09:58,2018-04-11 08:19,-13.0,106.913,106.798,99,buy,159.8
2018-04-11 09:59,2018-04-11 08:20,-14.3,106.919,106.791,99,buy,145.5
2018-04-11 10:00,2018-04-11 08:22,-13.3,106.9,106.782,98,buy,132.2
2018-04-11 10:02,2018-04-11 08:24,-14.0,106.891,106.766,98,buy,118.2
2018-04-11 10:10,2018-04-11 08:25,-6.6,106.832,106.781,105,buy,111.6
2018-04-11 10:13,2018-04-11 08:29,-8.3,106.836,106.768,104,buy,103.3
2018-04-11 10:14,2018-04-11 08:32,-8.3,106.826,106.758,102,buy,95.0
2018-04-11 10:19,2018-04-11 08:38,-12.2,106.847,106.74,101,buy,82.8
2018-04-11 10:27,2018-04-11 08:41,-22.0,106.925,106.72,106,buy,60.8
2018-04-11 10:35,2018-04-11 08:43,-19.4,106.911,106.732,112,buy,41.4
2018-04-11 10:39,2018-04-11 08:45,-16.4,106.897,106.748,114,buy,25.0
2018-04-11 10:41,2018-04-11 08:46,-13.8,106.861,106.738,115,buy,11.2
