2018-04-05 00:03,2018-04-05 00:01,-1.7,106.932,106.93,2,buy,98.3
2018-04-05 00:17,2018-04-05 00:07,-3.8,106.969,106.946,10,buy,94.5
2018-04-05 00:26,2018-04-05 00:09,-3.8,106.981,106.958,17,buy,90.7
2018-04-05 00:27,2018-04-05 00:10,-1.9,106.975,106.971,17,buy,88.8
2018-04-05 00:30,2018-04-05 00:12,-2.9,106.969,106.955,18,buy,85.9
2018-04-05 00:33,2018-04-05 00:14,-3.2,106.973,106.956,19,buy,82.7
2018-04-05 00:38,2018-04-05 00:15,2.2,106.918,106.955,23,buy,84.9
2018-04-05 00:39,2018-04-05 00:16,2.0,106.927,106.962,23,buy,86.9
2018-04-05 00:42,2018-04-05 00:19,0.4,106.957,106.976,23,buy,87.3
2018-04-05 00:43,2018-04-05 00:21,1.0,106.951,106.976,22,buy,88.3
2018-04-05 00:50,2018-04-05 00:22,3.2,106.936,106.983,28,buy,91.5
2018-04-05 01:00,2018-04-05 00:23,5.6,106.935,107.006,37,buy,97.1
2018-04-05 01:01,2018-04-05 00:28,2.3,106.939,106.977,33,buy,99.4
2018-04-05 01:02,2018-04-05 00:31,3.3,106.934,106.982,31,buy,102.7
2018-04-05 01:07,2018-04-05 00:32,2.5,106.94,106.98,35,buy,105.2
2018-04-05 01:08,2018-04-05 00:35,-1.2,106.927,106.93,33,buy,104.0
2018-04-05 01:12,2018-04-05 00:37,0.9,106.901,106.925,35,buy,104.9
2018-04-05 01:13,2018-04-05 00:41,3.0,106.905,106.95,32,buy,107.9
2018-04-05 01:14,2018-04-05 00:44,2.3,106.909,106.947,30,buy,110.2
2018-04-05 01:16,2018-04-05 00:45,2.3,106.911,106.949,31,buy,112.5
2018-04-05 01:17,2018-04-05 00:48,1.7,106.911,106.943,29,buy,114.2
2018-04-05 01:23,2018-04-05 00:53,0.1,106.903,106.919,30,buy,114.3
2018-04-05 01:25,2018-04-05 00:54,1.2,106.89,106.917,31,buy,115.5
2018-04-05 01:28,2018-04-05 00:55,1.1,106.907,106.933,33,buy,116.6
2018-04-05 01:30,2018-04-05 00:56,-0.299999999999,106.915,106.927,34,buy,116.3
2018-04-05 01:40,2018-04-05 00:57,6.3,106.853,106.931,43,buy,122.6
2018-04-05 01:41,2018-04-05 01:03,5.8,106.86,106.933,38,buy,128.4
2018-04-05 01:47,2018-04-05 01:04,7.3,106.851,106.939,43,buy,135.7
2018-04-05 01:48,2018-04-05 01:05,5.9,106.857,106.931,43,buy,141.6
2018-04-05 01:51,2018-04-05 01:19,3.3,106.858,106.906,32,buy,144.9
2018-04-05 01:52,2018-04-05 01:29,2.3,106.874,106.912,23,buy,147.2
2018-04-05 01:54,2018-04-05 01:31,1.3,106.9,106.928,23,buy,148.5
2018-04-05 01:56,2018-04-05 01:32,1.1,106.908,106.934,24,buy,149.6
2018-04-05 01:58,2018-04-05 01:33,0.6,106.916,106.937,25,buy,150.2
2018-04-05 02:00,2018-04-05 01:36,2.6,106.898,106.939,24,buy,152.8
2018-04-05 02:02,2018-04-05 01:38,2.7,106.881,106.923,24,buy,155.5
2018-04-05 02:03,2018-04-05 01:39,-2.9,106.88,106.866,24,buy,152.6
2018-04-05 02:06,2018-04-05 01:44,-5.6,106.89,106.849,22,buy,147.0
2018-04-05 02:09,2018-04-05 01:50,-4.0,106.895,106.87,19,buy,143.0
2018-04-05 02:10,2018-04-05 01:53,-4.4,106.912,106.883,17,buy,138.6
2018-04-05 02:12,2018-04-05 01:55,-2.1,106.911,106.905,17,buy,136.5
2018-04-05 02:13,2018-04-05 01:59,-3.0,106.911,106.896,14,buy,133.5
2018-04-05 02:15,2018-04-05 02:04,-9.2,106.941,106.864,11,buy,124.3
2018-04-05 02:16,2018-04-05 02:05,-8.0,106.941,106.876,11,buy,116.3
2018-04-05 02:17,2018-04-05 02:07,-5.8,106.934,106.891,10,buy,110.5
2018-04-05 02:19,2018-04-05 02:11,-4.0,106.932,106.907,8,buy,106.5
2018-04-05 02:22,2018-04-05 02:14,-1.2,106.927,106.93,8,buy,105.3
2018-04-05 02:26,2018-04-05 02:21,-0.299999999999,106.923,106.935,5,buy,105.0
2018-04-05 02:30,2018-04-05 02:24,-4.6,106.969,106.938,6,buy,100.4
2018-04-05 02:34,2018-04-05 02:29,-2.9,106.966,106.952,5,buy,97.5
2018-04-05 02:36,2018-04-05 02:31,-9.7,107.047,106.965,5,buy,87.8
2018-04-05 02:37,2018-04-05 02:33,-9.5,107.044,106.964,4,buy,78.3
2018-04-05 02:42,2018-04-05 02:35,-8.9,107.056,106.982,7,buy,69.4
2018-04-05 02:43,2018-04-05 02:39,-4.9,107.077,107.043,4,buy,64.5
2018-04-05 02:45,2018-04-05 02:44,-0.5,107.059,107.069,1,buy,64.0
2018-04-05 02:49,2018-04-05 02:47,-1.3,107.047,107.049,2,buy,62.7
2018-04-05 02:51,2018-04-05 02:53,2.5,107.031,107.041,2,sell,65.2
2018-04-05 02:52,2018-04-05 02:55,2.7,107.045,107.057,3,sell,67.9
2018-04-05 02:57,2018-04-05 02:56,-2.3,107.075,107.067,1,buy,65.6
2018-04-05 02:59,2018-04-05 03:06,5.2,107.063,107.1,7,sell,70.8
2018-04-05 03:01,2018-04-05 03:13,3.5,107.075,107.095,12,sell,74.3
2018-04-05 03:02,2018-04-05 03:16,5.7,107.072,107.114,14,sell,80.0
2018-04-05 03:09,2018-04-05 03:18,2.7,107.127,107.139,9,sell,82.7
2018-04-05 03:10,2018-04-05 03:21,3.6,107.124,107.145,11,sell,86.3
2018-04-05 03:17,2018-04-05 03:22,2.0,107.131,107.136,5,sell,88.3
2018-04-05 03:23,2018-04-05 03:24,1.1,107.132,107.128,1,sell,89.4
2018-04-05 03:26,2018-04-05 03:27,0.300000000001,107.109,107.097,1,sell,89.7
2018-04-05 03:29,2018-04-05 03:28,-1.6,107.087,107.086,1,buy,88.1
2018-04-05 03:30,2018-04-05 03:31,2.6,107.088,107.099,1,sell,90.7
2018-04-05 03:32,2018-04-05 03:36,1.5,107.11,107.11,4,sell,92.2
2018-04-05 03:33,2018-04-05 03:41,-3.7,107.136,107.084,8,sell,88.5
2018-04-05 03:35,2018-04-05 03:42,-1.7,107.126,107.094,7,sell,86.8
2018-04-05 03:37,2018-04-05 03:46,2.4,107.092,107.101,9,sell,89.2
2018-04-05 03:39,2018-04-05 03:52,0.700000000001,107.093,107.085,13,sell,89.9
2018-04-05 03:43,2018-04-05 04:02,-1.6,107.099,107.068,19,sell,88.3
2018-04-05 03:47,2018-04-05 04:04,-5.5,107.124,107.054,17,sell,82.8
2018-04-05 03:50,2018-04-05 04:05,-1.6,107.085,107.054,15,sell,81.2
2018-04-05 03:51,2018-04-05 04:06,-1.0,107.085,107.06,15,sell,80.2
2018-04-05 03:53,2018-04-05 04:08,-0.6,107.084,107.063,15,sell,79.6
2018-04-05 03:58,2018-04-05 04:13,-1.2,107.061,107.034,15,sell,78.4
2018-04-05 03:59,2018-04-05 04:23,1.6,107.057,107.058,24,sell,80.0
2018-04-05 04:01,2018-04-05 04:26,0.4,107.072,107.061,25,sell,80.4
2018-04-05 04:11,2018-04-05 04:30,4.1,107.047,107.073,19,sell,84.5
2018-04-05 04:12,2018-04-05 04:31,5.6,107.033,107.074,19,sell,90.1
2018-04-05 04:17,2018-04-05 04:32,2.8,107.064,107.077,15,sell,92.9
2018-04-05 04:18,2018-04-05 04:37,4.3,107.06,107.088,19,sell,97.2
2018-04-05 04:21,2018-04-05 04:41,3.3,107.063,107.081,20,sell,100.5
2018-04-05 04:35,2018-04-05 04:42,1.4,107.079,107.078,7,sell,101.9
2018-04-05 04:40,2018-04-05 04:44,-0.300000000001,107.092,107.074,4,sell,101.6
2018-04-05 04:45,2018-04-05 04:46,0.0,107.086,107.071,1,sell,101.6
2018-04-05 04:48,2018-04-05 04:47,-2.0,107.086,107.081,1,buy,99.6
2018-04-05 04:49,2018-04-05 04:52,4.5,107.079,107.109,3,sell,104.1
2018-04-05 04:54,2018-04-05 04:56,0.9,107.136,107.13,2,sell,105.0
2018-04-05 04:55,2018-04-05 04:58,2.4,107.12,107.129,3,sell,107.4
2018-04-05 04:59,2018-04-05 05:01,0.1,107.123,107.109,2,sell,107.5
2018-04-05 05:03,2018-04-05 05:02,-0.1,107.091,107.105,1,buy,107.4
2018-04-05 05:04,2018-04-05 05:07,0.1,107.108,107.094,3,sell,107.5
2018-04-05 05:05,2018-04-05 05:09,1.1,107.111,107.107,4,sell,108.6
2018-04-05 05:08,2018-04-05 05:10,2.1,107.104,107.11,2,sell,110.7
2018-04-05 05:19,2018-04-05 05:11,0.0999999999985,107.092,107.108,8,buy,110.8
2018-04-05 05:23,2018-04-05 05:12,2.5,107.07,107.11,11,buy,113.3
2018-04-05 05:26,2018-04-05 05:18,2.1,107.063,107.099,8,buy,115.4
2018-04-05 05:27,2018-04-05 05:20,3.0,107.055,107.1,7,buy,118.4
2018-04-05 05:29,2018-04-05 05:24,1.6,107.047,107.078,5,buy,120.0
2018-04-05 05:31,2018-04-05 05:34,-0.599999999999,107.043,107.022,3,sell,119.4
2018-04-05 05:33,2018-04-05 05:38,2.9,107.023,107.037,5,sell,122.3
2018-04-05 05:35,2018-04-05 05:39,4.4,107.013,107.042,4,sell,126.7
2018-04-05 05:37,2018-04-05 05:42,-3.5,107.032,106.982,5,sell,123.2
2018-04-05 05:43,2018-04-05 05:47,1.1,106.973,106.969,4,sell,124.3
2018-04-05 05:46,2018-04-05 05:53,4.8,106.985,107.018,7,sell,129.1
2018-04-05 05:48,2018-04-05 05:55,7.6,106.968,107.029,7,sell,136.7
2018-04-05 05:56,2018-04-05 06:08,1.5,107.036,107.036,12,sell,138.2
2018-04-05 05:57,2018-04-05 06:09,2.3,107.032,107.04,12,sell,140.5
2018-04-05 05:59,2018-04-05 06:15,2.9,107.044,107.058,16,sell,143.4
2018-04-05 06:00,2018-04-05 06:19,-1.2,107.051,107.024,19,sell,142.2
2018-04-05 06:02,2018-04-05 06:21,-1.1,107.051,107.025,19,sell,141.1
2018-04-05 06:05,2018-04-05 06:22,0.0999999999985,107.037,107.023,17,sell,141.2
2018-04-05 06:10,2018-04-05 06:24,-1.7,107.043,107.011,14,sell,139.5
2018-04-05 06:12,2018-04-05 06:25,-2.2,107.048,107.011,13,sell,137.3
2018-04-05 06:16,2018-04-05 06:26,-0.700000000001,107.04,107.018,10,sell,136.6
2018-04-05 06:17,2018-04-05 06:27,0.699999999999,107.032,107.024,10,sell,137.3
2018-04-05 06:18,2018-04-05 06:29,0.200000000001,107.033,107.02,11,sell,137.5
2018-04-05 06:20,2018-04-05 06:36,-0.900000000001,107.027,107.003,16,sell,136.6
2018-04-05 06:28,2018-04-05 06:42,-3.3,107.03,106.982,14,sell,133.3
2018-04-05 06:30,2018-04-05 06:43,-2.5,107.008,106.968,13,sell,130.8
2018-04-05 06:31,2018-04-05 06:44,-1.0,107.005,106.98,13,sell,129.8
2018-04-05 06:34,2018-04-05 06:45,-0.1,106.995,106.979,11,sell,129.7
2018-04-05 06:38,2018-04-05 06:46,-0.9,107.009,106.985,8,sell,128.8
2018-04-05 06:39,2018-04-05 06:48,-2.1,107.006,106.97,9,sell,126.7
2018-04-05 06:41,2018-04-05 06:50,-0.299999999999,106.994,106.976,9,sell,126.4
2018-04-05 06:47,2018-04-05 06:51,-0.200000000001,106.992,106.975,4,sell,126.2
2018-04-05 06:57,2018-04-05 06:58,1.5,106.983,106.983,1,sell,127.7
2018-04-05 07:01,2018-04-05 07:02,-0.4,106.996,106.977,1,sell,127.3
2018-04-05 07:03,2018-04-05 07:06,2.7,106.99,107.002,3,sell,130.0
2018-04-05 07:04,2018-04-05 07:07,2.3,107.001,107.009,3,sell,132.3
2018-04-05 07:05,2018-04-05 07:09,2.8,106.999,107.012,4,sell,135.1
2018-04-05 07:08,2018-04-05 07:14,-1.2,107.012,106.985,6,sell,133.9
2018-04-05 07:10,2018-04-05 07:16,0.9,107.007,107.001,6,sell,134.8
2018-04-05 07:12,2018-04-05 07:18,5.0,106.991,107.026,6,sell,139.8
2018-04-05 07:20,2018-04-05 07:25,1.5,107.029,107.029,5,sell,141.3
2018-04-05 07:24,2018-04-05 07:26,0.0,107.038,107.023,2,sell,141.3
2018-04-05 07:32,2018-04-05 07:30,-2.9,107.051,107.037,2,buy,138.4
2018-04-05 07:33,2018-04-05 07:31,-2.0,107.053,107.048,2,buy,136.4
2018-04-05 07:34,2018-04-05 07:39,2.4,107.072,107.081,5,sell,138.8
2018-04-05 07:36,2018-04-05 07:40,2.2,107.078,107.085,4,sell,141.0
2018-04-05 07:44,2018-04-05 07:48,-0.299999999999,107.073,107.055,4,sell,140.7
2018-04-05 07:47,2018-04-05 07:51,-1.0,107.063,107.038,4,sell,139.7
2018-04-05 07:49,2018-04-05 07:53,-1.1,107.043,107.017,4,sell,138.6
2018-04-05 07:52,2018-04-05 07:54,0.700000000001,107.023,107.015,2,sell,139.3
2018-04-05 08:01,2018-04-05 07:55,-1.9,107.037,107.033,6,buy,137.4
2018-04-05 08:04,2018-04-05 07:56,0.4,107.016,107.035,8,buy,137.8
2018-04-05 08:06,2018-04-05 07:58,-0.0,107.022,107.037,8,buy,137.8
2018-04-05 08:08,2018-04-05 07:59,-0.5,107.033,107.043,9,buy,137.3
2018-04-05 08:11,2018-04-05 08:02,-5.0,107.057,107.022,9,buy,132.3
2018-04-05 08:18,2018-04-05 08:05,-4.2,107.05,107.023,13,buy,128.1
2018-04-05 08:29,2018-04-05 08:10,-9.8,107.117,107.034,19,buy,118.3
2018-04-05 08:33,2018-04-05 08:12,-0.700000000001,107.066,107.074,21,buy,117.6
2018-04-05 08:38,2018-04-05 08:15,-1.3,107.061,107.063,23,buy,116.3
2018-04-05 08:43,2018-04-05 08:17,-1.4,107.057,107.058,26,buy,114.9
2018-04-05 08:46,2018-04-05 08:20,-3.0,107.06,107.045,26,buy,111.9
2018-04-05 08:48,2018-04-05 08:21,-1.5,107.047,107.047,27,buy,110.4
2018-04-05 08:55,2018-04-05 08:22,-3.9,107.074,107.05,33,buy,106.5
2018-04-05 08:57,2018-04-05 08:23,0.1,107.058,107.074,34,buy,106.6
2018-04-05 09:00,2018-04-05 08:24,-0.299999999999,107.08,107.092,36,buy,106.3
2018-04-05 09:01,2018-04-05 08:27,3.1,107.09,107.136,34,buy,109.4
2018-04-05 09:02,2018-04-05 08:28,2.0,107.093,107.128,34,buy,111.4
2018-04-05 09:03,2018-04-05 08:30,-1.3,107.102,107.104,33,buy,110.1
2018-04-05 09:05,2018-04-05 08:31,3.3,107.083,107.131,34,buy,113.4
2018-04-05 09:08,2018-04-05 08:35,-2.5,107.064,107.054,33,buy,110.9
2018-04-05 09:11,2018-04-05 08:36,-2.6,107.072,107.061,35,buy,108.3
2018-04-05 09:34,2018-04-05 08:40,-6.7,107.119,107.067,54,buy,101.6
2018-04-05 09:37,2018-04-05 08:41,-2.1,107.097,107.091,56,buy,99.5
2018-04-05 09:39,2018-04-05 08:47,-6.1,107.081,107.035,52,buy,93.4
2018-04-05 09:41,2018-04-05 08:54,-1.3,107.073,107.075,47,buy,92.1
2018-04-05 09:47,2018-04-05 08:56,1.7,107.021,107.053,51,buy,93.8
2018-04-05 09:49,2018-04-05 09:06,4.6,107.005,107.066,43,buy,98.4
2018-04-05 09:52,2018-04-05 09:07,0.799999999999,107.041,107.064,45,buy,99.2
2018-04-05 09:58,2018-04-05 09:09,-4.4,107.097,107.068,49,buy,94.8
2018-04-05 09:59,2018-04-05 09:10,-6.0,107.121,107.076,49,buy,88.8
2018-04-05 10:00,2018-04-05 09:12,-6.9,107.128,107.074,48,buy,81.9
2018-04-05 10:02,2018-04-05 09:13,-6.6,107.138,107.087,49,buy,75.3
2018-04-05 10:05,2018-04-05 09:15,-7.4,107.136,107.077,50,buy,67.9
2018-04-05 10:06,2018-04-05 09:16,-10.4,107.166,107.077,50,buy,57.5
2018-04-05 10:07,2018-04-05 09:17,-10.3,107.162,107.074,50,buy,47.2
2018-04-05 10:12,2018-04-05 09:18,-15.9,107.225,107.081,54,buy,31.3
2018-04-05 10:14,2018-04-05 09:19,-13.6,107.218,107.097,55,buy,17.7
2018-04-05 10:16,2018-04-05 09:20,-11.1,107.206,107.11,56,buy,6.59999999999
