2018-04-15 17:01,2018-04-15 17:07,-1.1,107.468,107.442,6,sell,98.9
2018-04-15 17:06,2018-04-15 17:12,2.7,107.441,107.453,5,sell,101.6
2018-04-15 17:18,2018-04-15 17:13,-1.3,107.467,107.469,3,buy,100.3
2018-04-15 17:21,2018-04-15 17:14,-1.6,107.484,107.483,5,buy,98.7
2018-04-15 17:24,2018-04-15 17:20,-7.2,107.529,107.472,4,buy,91.5
2018-04-15 17:28,2018-04-15 17:22,-4.4,107.513,107.484,6,buy,87.1
2018-04-15 17:33,2018-04-15 17:26,0.699999999999,107.511,107.533,5,buy,87.8
2018-04-15 17:37,2018-04-15 17:34,-1.5,107.508,107.508,3,buy,86.3
2018-04-15 17:40,2018-04-15 17:36,2.2,107.476,107.513,4,buy,88.5
2018-04-15 17:43,2018-04-15 17:39,-1.6,107.476,107.475,4,buy,86.9
2018-04-15 17:47,2018-04-15 17:41,-1.6,107.476,107.475,6,buy,85.3
2018-04-15 17:53,2018-04-15 17:44,-1.5,107.474,107.474,7,buy,83.8
2018-04-15 17:59,2018-04-15 17:48,-4.4,107.504,107.475,9,buy,79.4
2018-04-15 18:02,2018-04-15 17:51,-2.2,107.479,107.472,11,buy,77.2
2018-04-15 18:09,2018-04-15 17:54,-4.6,107.51,107.479,15,buy,72.6
2018-04-15 18:10,2018-04-15 17:55,-2.9,107.513,107.499,15,buy,69.7
2018-04-15 18:11,2018-04-15 17:57,-3.1,107.506,107.49,14,buy,66.6
2018-04-15 18:17,2018-04-15 18:03,-11.1,107.559,107.463,14,buy,55.5
2018-04-15 18:18,2018-04-15 18:04,-9.0,107.552,107.477,14,buy,46.5
2018-04-15 18:20,2018-04-15 18:07,-7.2,107.558,107.501,13,buy,39.3
2018-04-15 18:21,2018-04-15 18:08,-8.4,107.559,107.49,13,buy,30.9
2018-04-15 18:22,2018-04-15 18:12,-5.9,107.563,107.519,10,buy,25.0
2018-04-15 18:25,2018-04-15 18:15,-4.8,107.579,107.546,10,buy,20.2
2018-04-15 18:26,2018-04-15 18:23,-0.400000000001,107.562,107.573,3,buy,19.8
2018-04-15 18:28,2018-04-15 18:27,-2.4,107.569,107.56,1,buy,17.4
2018-04-15 18:29,2018-04-15 18:39,-0.4,107.564,107.545,10,sell,17.0
2018-04-15 18:33,2018-04-15 18:42,-0.299999999999,107.554,107.536,9,sell,16.7
2018-04-15 18:36,2018-04-15 18:46,0.5,107.563,107.553,10,sell,17.2
2018-04-15 18:37,2018-04-15 18:49,0.4,107.564,107.553,12,sell,17.6
2018-04-15 18:38,2018-04-15 18:55,-0.0999999999985,107.563,107.547,17,sell,17.5
2018-04-15 18:40,2018-04-15 18:56,0.199999999999,107.551,107.538,16,sell,17.7
2018-04-15 18:41,2018-04-15 18:57,1.2,107.542,107.539,16,sell,18.9
2018-04-15 18:45,2018-04-15 18:59,0.5,107.548,107.538,14,sell,19.4
2018-04-15 18:47,2018-04-15 19:05,3.0,107.552,107.567,18,sell,22.4
2018-04-15 18:50,2018-04-15 19:08,3.3,107.558,107.576,18,sell,25.7
2018-04-15 18:51,2018-04-15 19:13,2.4,107.552,107.561,22,sell,28.1
2018-04-15 18:54,2018-04-15 19:15,1.8,107.55,107.553,21,sell,29.9
2018-04-15 18:58,2018-04-15 19:16,1.5,107.536,107.536,18,sell,31.4
2018-04-15 19:00,2018-04-15 19:18,0.5,107.537,107.527,18,sell,31.9
2018-04-15 19:03,2018-04-15 19:19,-1.9,107.555,107.521,16,sell,30.0
2018-04-15 19:04,2018-04-15 19:20,-4.3,107.567,107.509,16,sell,25.7
2018-04-15 19:09,2018-04-15 19:21,-4.1,107.572,107.516,12,sell,21.6
2018-04-15 19:11,2018-04-15 19:22,-3.9,107.565,107.511,11,sell,17.7
2018-04-15 19:12,2018-04-15 19:23,-3.5,107.56,107.51,11,sell,14.2
2018-04-15 19:26,2018-04-15 19:25,-1.7,107.512,107.51,1,buy,12.5
2018-04-15 19:27,2018-04-15 19:29,1.4,107.507,107.506,2,sell,13.9
2018-04-15 19:28,2018-04-15 19:31,1.2,107.511,107.508,3,sell,15.1
2018-04-15 19:30,2018-04-15 19:32,3.2,107.506,107.523,2,sell,18.3
2018-04-15 19:33,2018-04-15 19:36,1.5,107.519,107.519,3,sell,19.8
2018-04-15 19:34,2018-04-15 19:38,1.2,107.518,107.515,4,sell,21.0
2018-04-15 19:40,2018-04-15 19:42,1.5,107.508,107.508,2,sell,22.5
2018-04-15 19:46,2018-04-15 19:50,0.6,107.499,107.49,3,sell,23.1
2018-04-15 19:55,2018-04-15 19:52,-2.5,107.494,107.484,3,buy,20.6
2018-04-15 19:56,2018-04-15 19:54,-1.3,107.497,107.499,2,buy,19.3
2018-04-15 20:04,2018-04-15 19:57,-1.2,107.496,107.499,7,buy,18.1
2018-04-15 20:06,2018-04-15 19:59,-1.8,107.504,107.501,7,buy,16.3
2018-04-15 20:09,2018-04-15 20:00,1.7,107.488,107.52,9,buy,18.0
2018-04-15 20:16,2018-04-15 20:03,2.5,107.456,107.496,13,buy,20.5
2018-04-15 20:19,2018-04-15 20:05,3.6,107.45,107.501,14,buy,24.1
2018-04-15 20:20,2018-04-15 20:07,5.5,107.432,107.502,13,buy,29.6
2018-04-15 20:25,2018-04-15 20:08,6.4,107.407,107.486,17,buy,36.0
2018-04-15 20:26,2018-04-15 20:10,7.2,107.393,107.48,16,buy,43.2
2018-04-15 20:28,2018-04-15 20:11,5.4,107.394,107.463,17,buy,48.6
2018-04-15 20:31,2018-04-15 20:14,4.5,107.398,107.458,17,buy,53.1
2018-04-15 20:32,2018-04-15 20:15,3.7,107.408,107.46,17,buy,56.8
2018-04-15 20:33,2018-04-15 20:18,1.9,107.421,107.455,15,buy,58.7
2018-04-15 20:35,2018-04-15 20:21,1.0,107.417,107.442,14,buy,59.7
2018-04-15 20:38,2018-04-15 20:23,-2.2,107.433,107.426,15,buy,57.5
2018-04-15 20:43,2018-04-15 20:24,-4.7,107.456,107.424,19,buy,52.8
2018-04-15 20:44,2018-04-15 20:27,-6.8,107.443,107.39,17,buy,46.0
2018-04-15 20:46,2018-04-15 20:29,-7.1,107.449,107.393,17,buy,38.9
2018-04-15 20:50,2018-04-15 20:30,-8.0,107.454,107.389,20,buy,30.9
2018-04-15 20:53,2018-04-15 20:34,-2.7,107.431,107.419,19,buy,28.2
2018-04-15 20:54,2018-04-15 20:36,-2.7,107.438,107.426,18,buy,25.5
2018-04-15 21:00,2018-04-15 20:37,-5.9,107.472,107.428,23,buy,19.6
2018-04-15 21:03,2018-04-15 20:40,-2.1,107.443,107.437,23,buy,17.5
2018-04-15 21:19,2018-04-15 20:41,1.8,107.408,107.441,38,buy,19.3
2018-04-15 21:22,2018-04-15 20:45,1.1,107.409,107.435,37,buy,20.4
2018-04-15 21:23,2018-04-15 20:47,2.8,107.41,107.453,36,buy,23.2
2018-04-15 21:24,2018-04-15 20:49,2.5,107.419,107.459,35,buy,25.7
2018-04-15 21:25,2018-04-15 20:57,6.2,107.408,107.485,28,buy,31.9
2018-04-15 21:27,2018-04-15 20:58,6.1,107.397,107.473,29,buy,38.0
2018-04-15 21:28,2018-04-15 20:59,6.5,107.4,107.48,29,buy,44.5
2018-04-15 21:30,2018-04-15 21:01,3.1,107.418,107.464,29,buy,47.6
2018-04-15 21:33,2018-04-15 21:02,5.9,107.375,107.449,31,buy,53.5
2018-04-15 21:35,2018-04-15 21:05,5.6,107.379,107.45,30,buy,59.1
2018-04-15 21:36,2018-04-15 21:07,5.8,107.382,107.455,29,buy,64.9
2018-04-15 21:39,2018-04-15 21:08,5.4,107.386,107.455,31,buy,70.3
2018-04-15 21:42,2018-04-15 21:14,7.7,107.355,107.447,28,buy,78.0
2018-04-15 21:43,2018-04-15 21:18,4.4,107.351,107.41,25,buy,82.4
2018-04-15 21:44,2018-04-15 21:20,1.6,107.362,107.393,24,buy,84.0
2018-04-15 21:48,2018-04-15 21:26,2.3,107.37,107.408,22,buy,86.3
2018-04-15 21:49,2018-04-15 21:37,1.2,107.371,107.398,12,buy,87.5
2018-04-15 21:53,2018-04-15 21:40,-4.8,107.394,107.361,13,buy,82.7
2018-04-15 21:57,2018-04-15 21:45,-4.7,107.394,107.362,12,buy,78.0
2018-04-15 21:59,2018-04-15 21:46,-3.0,107.394,107.379,13,buy,75.0
2018-04-15 22:01,2018-04-15 21:51,-1.7,107.387,107.385,10,buy,73.3
2018-04-15 22:02,2018-04-15 21:54,-1.0,107.393,107.398,8,buy,72.3
2018-04-15 22:12,2018-04-15 21:56,7.3,107.314,107.402,16,buy,79.6
2018-04-15 22:14,2018-04-15 21:58,6.5,107.312,107.392,16,buy,86.1
2018-04-15 22:16,2018-04-15 22:00,5.2,107.312,107.379,16,buy,91.3
2018-04-15 22:20,2018-04-15 22:03,5.2,107.326,107.393,17,buy,96.5
2018-04-15 22:23,2018-04-15 22:05,5.6,107.332,107.403,18,buy,102.1
2018-04-15 22:25,2018-04-15 22:07,3.3,107.338,107.386,18,buy,105.4
2018-04-15 22:27,2018-04-15 22:08,6.2,107.315,107.392,19,buy,111.6
2018-04-15 22:29,2018-04-15 22:10,4.7,107.32,107.382,19,buy,116.3
2018-04-15 22:32,2018-04-15 22:11,3.0,107.307,107.352,21,buy,119.3
2018-04-15 22:36,2018-04-15 22:13,0.4,107.3,107.319,23,buy,119.7
2018-04-15 22:39,2018-04-15 22:21,0.800000000001,107.294,107.317,18,buy,120.5
2018-04-15 22:41,2018-04-15 22:24,3.0,107.288,107.333,17,buy,123.5
2018-04-15 22:42,2018-04-15 22:28,1.7,107.282,107.314,14,buy,125.2
2018-04-15 22:45,2018-04-15 22:30,2.2,107.282,107.319,15,buy,127.4
2018-04-15 22:46,2018-04-15 22:34,1.6,107.278,107.309,12,buy,129.0
2018-04-15 22:47,2018-04-15 22:37,0.299999999999,107.282,107.3,10,buy,129.3
2018-04-15 22:50,2018-04-15 22:43,1.1,107.252,107.278,7,buy,130.4
2018-04-15 22:53,2018-04-15 22:44,2.2,107.235,107.272,9,buy,132.6
2018-04-15 22:55,2018-04-15 22:52,4.3,107.182,107.24,3,buy,136.9
2018-04-15 22:58,2018-04-15 22:54,-0.9,107.206,107.212,4,buy,136.0
2018-04-15 22:59,2018-04-15 22:57,-3.0,107.207,107.192,2,buy,133.0
2018-04-15 23:00,2018-04-15 23:01,1.9,107.201,107.205,1,sell,134.9
2018-04-15 23:03,2018-04-15 23:07,1.7,107.214,107.216,4,sell,136.6
2018-04-15 23:05,2018-04-15 23:08,0.300000000001,107.214,107.202,3,sell,136.9
2018-04-15 23:11,2018-04-15 23:10,-2.1,107.193,107.187,1,buy,134.8
2018-04-15 23:13,2018-04-15 23:12,-1.9,107.199,107.195,1,buy,132.9
2018-04-15 23:14,2018-04-15 23:15,2.2,107.176,107.183,1,sell,135.1
2018-04-15 23:20,2018-04-15 23:17,-1.8,107.196,107.193,3,buy,133.3
2018-04-15 23:22,2018-04-15 23:18,-4.5,107.217,107.187,4,buy,128.8
2018-04-15 23:25,2018-04-15 23:19,-4.8,107.225,107.192,6,buy,124.0
2018-04-15 23:27,2018-04-15 23:24,0.1,107.213,107.229,3,buy,124.1
2018-04-15 23:31,2018-04-15 23:26,-1.0,107.218,107.223,5,buy,123.1
2018-04-15 23:34,2018-04-15 23:29,-1.8,107.223,107.22,5,buy,121.3
2018-04-15 23:46,2018-04-15 23:35,-2.8,107.242,107.229,11,buy,118.5
2018-04-15 23:47,2018-04-15 23:36,-3.6,107.249,107.228,11,buy,114.9
2018-04-15 23:52,2018-04-15 23:37,-4.2,107.26,107.233,15,buy,110.7
2018-04-15 23:55,2018-04-15 23:38,-3.7,107.252,107.23,17,buy,107.0
2018-04-15 23:57,2018-04-15 23:39,-3.7,107.245,107.223,18,buy,103.3
2018-04-15 23:58,2018-04-15 23:43,-2.3,107.251,107.243,15,buy,101.0
